67986 104287
0 -1 -1 -1 1
22 31 135 316 1 12678 7 11617 222 1 149 6 39766 53 12 2278 7 1740 2993 1 6792 138 1171 73 67986 1 117971 1 111278 1 93796 15804 1 104287 7 106 51 29 13930 5271 9 5136 7 9 1959 3
3345 9713
0 -1 -1 -1 1
11 15 16209 931 13 5 1088 2 593 4118 9 109 1 3345 1 931 1 9713 7 13927 1 1285 3
11567 17581
0 -1 -1 -1 1
24 20 355 32699 28 107 2976 6756 1 160 7402 15 1 202 1107 57 4838 57 27649 1 8804 57 17581 1 8593 57 11567 1 9750 57 1682 57 5151 1 1278 57 3264 1 10793 57 7 10678 1 2002 3
114671 120539
0 -1 -1 -1 1
12 24 355 1891 10 2 722 16 2 1626 49 21 70545 1 114671 4 3274 1 115073 4 1128 1 116314 4 2127 7 120539 4 818 49 29 502 2163 26 2 687 602 1 1551 34758 4 818 1 40 29 459 5 62 5053 3
85558 931
0 -1 -1 -1 1
28 20 108 20 3583 25 2316 95483 9 32 3322 3572 22947 4 2 822 189 2 93461 19668 36 6 931 10 11 2366 2 18446 72749 4 85558 7 29584 7 2366 6 135317 189 4 2706 330 333 7 256 1 158033 92936 57 7 32 949 8320 10 11 9 3862 26 6 189 4 1198 61553 7 105530 26516 5
128493 139037
0 -1 -1 -1 1
6 4 283 71 10404 1 139037 7 128493 209 12490 16050 6499 3
107893 64109
0 -1 -1 -1 1
19 11 71164 17 67 36 2 4152 4401 10797 2216 7786 73 64109 5 123 367 12 119535 24901 73 107893 1 110479 7 75962 3
10295 6104
0 -1 -1 -1 2
9 19 78 1142 4 55 879 42 27 477 9 10295 1 47 55 787 36995 42 27 9 2 6104 18 2 1160 213 3
24 37 194 25 271 504 380 10481 9 930 7268 10181 1 20 254 5 2 846 4 41308 4597 73 2 8904 5904 9 10295 1 2 8904 83859 9 1476 7 2 109554 8904 9 2 6104 3
546 1174
0 -1 -1 -1 1
11 14 14 641 4 26428 13 90 11 362 234 1445 9 546 1 8 1174 15 3 8
7641 43057
0 -1 -1 -1 1
3 1 58 43057 7 7641 1 71 215 5583 275 4111 1 60657 1 6 2913 2028 1 33 241 6 2745 4 1470 15944 3
2765 41836
0 -1 -1 -1 1
25 28 25901 71 104 311 9 48 208 29 1247 1443 1 458 5 6 14537 24 81067 7 3396 478 34854 1 1384 3543 19 2765 7 2 41836 1 4621 3
15979 1482
0 -1 -1 -1 1
23 16 2548 7 649 46 901 16 451 1 378 888 1 19 329 4830 19 2 1482 4769 1 31964 35032 1461 1 15979 1 7645 3
29333 9405
0 -1 -1 -1 1
23 36 1562 523 1 1204 463 1 24055 1 29333 23474 1 4103 626 9703 1648 11554 451 7 320 67463 3127 1558 1 29333 1 827 9591 5 2127 1292 2219 1 12751 4784 67923 1 9405 1 2127 139628 3
1885 42222
0 -1 -1 -1 2
6 16 26240 1 666 906 28 1657 1885 810 7 29 755 2260 2 16854 112800 1 42222 11 843 436 229 2276 1 5 6 293 101 1305 19 53 337 616 48 81 3
31 23 1666 381 89 2 247 9 1872 1363 2908 11 1561 485 4 65604 9 9518 7092 16 2 8530 1631 406 9 42222 1 2 1054 921 1 6 521 1885 480 15 9 32 683 2327 320 10 2 750 17 731 4 8 32124 3 8 8
4781 11836
0 -1 -1 -1 1
3 9 58 2834 1 4781 5126 2 2967 4374 586 11836 1 7464 22 4 43482 16 6 5321 7360 502 16 55 1272 963 1735 3
931 131279
0 -1 -1 -1 1
12 4 56 107 1 2 131279 1 32 715 1689 485 477 9 931 1 33 8344 23 16486 6 289 13734 2249 4407 35020 9 2 975 3120 7 975 41344 14588 9 2 975 2668 518 19894 3
529 3369
0 -1 -1 -1 4
27 17 1583 2 26580 2718 12 1142 602 1 86 34 1549 9 374 4 1551 96381 4 3369 4441 41 2183 5 412 18 2 641 10 529 821 894 26116 89 51 63 6 1268 9 356 3 8
10 32 14 1503 1 52 13 384 5 187 5 2 529 948 12 6 667 16 535 1 42 1541 1239 4 71 7532 4 10908 20288 391 8458 4 818 1 3369 1 7703 7 1128 10 28 915 258 2 98 25284 1213 4 2 1973 3
33 36 14 1451 12 495 4 466 254 82 18001 1331 565 89 510 11 9307 538 529 821 32 2085 9 6 4636 704 1 722 286 6 3573 66 16 32 404 529 1971 9 3369 7 2 71 1373 2748 9 12 6 566 12432 9 8379 3
10 19 207 295 118 215 89793 5775 28 107 9 2 529 1 5698 90597 4 4419 1 93585 4 3369 1 7 2309 69156 4 3678 1 68 821 3
7903 4622
0 -1 -1 -1 2
24 26 163 1283 2018 13 30 115 48 233 1 2 219 11 1819 133 13248 5 86 4 2 18519 22754 49 974 1 7903 7 4622 3
28 30 2495 90141 1 624 1 2 180 4 62031 3558 678 1 15 20 37 54 3774 5 643 2 5613 25686 26 74714 7 488 88 5 7903 1 4622 1 1830 40 805 109 3 8
931 3108
0 -1 -1 -1 1
29 16 194 31 17 1903 5 62 9 2 271 866 11 1 101515 1029 28777 9 3108 1 32 6511 958 331 175 5 2 36628 4 1649 9 931 3
817 8653
0 -1 -1 -1 1
11 5 14 31838 1701 19 2 8653 13 539 6 222 50 817 998 9 438 3
87289 57029
0 -1 -1 -1 1
28 24 58 25 12700 7 155 19515 85 364 1 2 3617 4867 39881 1324 19 86 2450 112 263 4 10 126006 2044 49 57029 1 63776 1 87289 1 84119 1 71306 5780 7 41 1687 302 5638 48013 49 7 14706 138 9 9841 18 2 5688 4 1809 38 755 24172 2 7873 4 2144 12862 1 12858 6 85 768 4 14687
59613 1756
0 -1 -1 -1 1
35 32 58 927 5 25 619 7380 1 4 22627 1 1278 1 20 13 1609 24 25 392 1 122127 57 25 619 9422 50978 4 20806 1 3518 1 25 2827 1756 1 4 59613 1 1278 1 7 617 1 4 9394 1 2322 57 6 1103 1 617 1 4 3587 57 156 2462 57 7 366 11401 3
48890 2502
0 -1 -1 -1 1
7 11 127153 16 2 12224 27198 4 2 48890 1 2 2499 2502 150 4 30887 33 190 54 17037 23 2 631 4 2 52667 1 2 5081 35502 8063 809 185 41066 1486 3
9079 36449
0 -1 -1 -1 1
20 12 4671 16 1199 156 1 15864 9 37009 1 2127 1 2426 36449 502 25 77546 12687 1294 26 2 9079 114 20 802 16 2 268 3641 26 7626 5 4502 3
6033 3357
0 -1 -1 -1 1
6 19 135 749 90 5635 6447 5 6033 7 148 25 629 717 807 1 8 15 1551 53248 4 3357 1 2 602 4 2 687 529 1777 339 3 8
3853 3430
0 -1 -1 -1 1
21 13 18967 53037 4 7853 1 2409 1 3811 1 5756 1 4882 1 3430 1 11044 1 148789 1 104660 4 3853 7 7743 3
63931 56793
0 -1 -1 -1 1
33 52 56 9 301 75 1 55 9971 33 2871 16 86 2648 1261 3138 10 45 226 9 2 379 12 2 144 1814 7 10 29 359 54 1060 357 1 73 63931 44 2 3253 17277 631 43 1 79836 44 6088 43 1 5151 8412 44 9983 43 7 56793 44 19387 43 3
127711 98126
0 -1 -1 -1 1
0 13 127711 9934 1 41973 1 6 17092 1492 36 116472 1 19559 57 98126 1 2329 57 114941 1 2706 7 3136 3 8
105603 105125
0 -1 -1 -1 1
4 8 59 13 8 2 105603 26458 7287 5 105125 1 8 23134 51417 672 9 8 14 408 4405 3727 4 2763 11798 4 1491 8 9 3893 3 8
28950 5522
0 -1 -1 -1 2
19 22 1150 3055 3284 10 11525 9 25 1430 139 2 586 12 55 2445 9 25 1506 2596 4 28950 133 604 5522 5 3929 655 139 7684 3851 690 22 37 2341 380 3
3 11 21 20994 11 28950 810 422 19102 1 7 20 5126 5522 9 1807 3