1122 53041
1 -1 -1 -1 10
25 23 40877 1380 838 7634 205 16 887 1326 145 173 5 9165 41 989 82 2 5768 2982 4 6 4676 4941 9 53041 1 1122 1 103 1433 1852 1 30 3693 2742 1 191 29 54 2 1073 3
16 14 56 936 80 17 6 4545 1 19 18330 947 1330 8130 1 9 53041 1 1122 1 2 11091 4 25 2900 3
15 13 16842 125741 1 2 619 4 16297 1005 125741 7 3320 125741 4 53041 1 1122 1 17 1067 173 1144 5 10199 968 1421 114169 1 6 440 4 12045 1354 114169 7 2554 15237 4130 737 114169 4 17304 1 1278 3
32 8 266 17 12 18330 947 1330 8130 9 53041 57 170 428 20042 18 85460 25488 46 187 185 2 8850 4 32 6957 19 2 36262 13521 59687 9 42748 1 1122 3
16 14 14 12130 1 861 6 3700 353 480 1778 23 1421 3560 1 4 53041 1 1122 1 17 474 5 90806 7261 1101 1 114 20 17 9 1716 47 4281 1614 77 230 1 2 247 15 3
8 6 58 18330 947 1330 8130 9 53041 1 1122 1 2 243 12862 4 2 983 27991 1 8 2695 724 30924 1 8 580 5 7224 9801 7 833 346 36 8 163 64 1135 116 16553 4826 9 2 2249 1 64 6830 30 25254 3
14 12 236 1398 377 1 177 2457 25 2613 518 25 162 9 53041 1 1122 1 20 765 6 4676 1900 8586 5 2 806 3
7 5 69731 478 23715 1 4 53041 1 1122 1 15 20 430 2 14148 84 553 17 36139 3 8
15 13 182 13 6 619 4 8403 3142 133210 7 160 136948 133210 4 53041 1 1122 3
12 10 61 13 6 440 4 17573 7 870 74475 4 53041 1 1122 3
100399 2795
3 -1 -1 -1 1
10 28 21 92019 13 6 9228 14098 1 4 73867 1 100399 7 60831 49 7 4 112109 1 34 422 1 9 2 50626 1019 1 53 4 2795 11 98 5006 2381 1 917 23 2 21707 4 3721 112 3810 3
132660 46267
5 2 -1 -1 2
17 10 156 347 44 7732 43 313 31542 49 236 8 46267 36 14 5744 11684 1 8 132660 44 217 43 17 2 2316 22279 34 3848 265 55058 4 5870 40 4946 16 62 590 1 770 184 19 348 3
3 31 648 1204 1 132660 1 990 1 2221 6 115036 4437 3846 24 27685 829 1145 1 6 32796 4 148 6 1221 1276 16 7732 11 916 1959 487 8 46267 36 14 5744 11684 3 8
3907 93997
1 -1 -1 -1 1
15 12 31 226 5 5318 210 1 946 419 4 633 9 2 93997 439 9 3907 7 31 42 452 22 193 188 93997 16148 3 84
48876 130565
10 -1 -1 -1 1
5 0 130565 1 6 2627 4 48876 7 6 308 11978 5 1715 3103 1 5805 35 156 104 1 7 2 5998 3053 5523 2 411 4 100 7 25 392 1 5421 3
2127 85085
1 -1 -1 -1 4
16 14 6638 20153 3184 132971 68896 13525 4 5160 137504 3176 95 2 1077 9 85085 1 2127 3
23 21 713 1011 28 1651 5 27 3928 1 8 1548 517 40 858 137504 28 384 19 2 408 143909 9 85085 1 2127 1 48 549 3
10 8 3342 5990 1 4191 1 6 1662 26 85085 1 2127 1 34 2841 685 507 5 2 38680 18 25 212 5 214 25 440 9 6 11512 1514 1306 1 4628 512 5 1178 5 2713 12 6 152 3 8
4 2 2321 36 85085 1 2127 3
94758 931
5 6 -1 -1 1
26 37 273 82027 1 217 1 34 13 10305 1 46 30 608 5 25 21642 553 4 13036 112615 9 2 31945 1357 7942 4 2 94758 2648 1 8 14 5591 9 1750 1 8 9 931 23 1060 16 438 227 3
325 6967
1 -1 -1 -1 43
6 8 207 2 2143 16 39717 16 325 11 6967 1 2 5631 13 30 96 3836 26 2 2614 1 47 2 31718 2429 939 2485 16 23137 198 5 7816 82 2 8135 44 318 2 1203 46 6389 6 2438 400 16 2 2179 16 2050 43 3
7 9 141424 1 6 112223 19 91273 16 325 11 6967 1 1303 13414 1324 5923 20 7844 32 5093 34766 82 25 23402 85836 3 8
15 39 165 853 4 2 27270 11798 1 53 4 2 744 181 1036 1475 9 325 1 6 98143 11539 22506 9186 12768 7 2883 3669 13 6 1823 3272 5 2 189 1104 41 4534 35766 4 2 6967 3
27 34 2747 1 164 28 134 4746 12 2 204 3674 515 1968 10 28 1031 148 10639 9 2 17459 687 1606 9 325 7 621 36 325 1 3337 1370 44 6264 1 6967 1 5131 1 53828 1 26123 7 176 4 5585 7 9227 43 36 14 705 142 836 71 5332 3979 1225 3
10 8 4671 16 378 726 1 17842 16 2 6967 4 325 57 475 9 50664 1 2322 1 16 1444 463 1 3253 3
5 14 14 96 597 8980 9 325 12 5322 111814 6519 13 91273 16 2 6967 1 114 2 3562 100924 1921 33124 7 113013 5 937 37451 73 4532 11724 252 4200 40 6309 7 14452 4 17327 10 74 27 24813 252 14475 3
41 43 454 124658 7099 14 1219 263 4 2 219 68 573 127 10 230 50 5059 491 3 117 45 154 82 6 1836 35918 115513 2431 65 38 3176 9 32 278 9 6 25997 1304 4119 247 331 16 325 11 6967 3
41 39 8 31 62902 27 3904 138 64 235 10 1139 193 1093 1 8 84 2333 16868 61911 64828 1 2627 4 2 27063 198 3965 1 8825 9 32 104387 10006 19 2 36543 4 9227 7 2 6967 9 325 3 8
1 8 58 325 1 2 49353 734 16 2 6967 37 2 2425 307 4 17328 1 18 53106 3
11 19 8335 2 11074 50 41656 3443 26 2 3833 6204 4 325 40072 68 2 125 5 2 13319 6967 12 1335 177 41 2885 5063 2 22218 99
28 35 35902 36 154520 46437 36 14154 107364 35902 11 4968 36 8732 5150 1 95713 6100 165 10814 35 150651 104 1349 23137 198 44 19 21468 43 325 135 24454 30768 331 16 2 6967 33 888 2388 7 366 1155 3
13 22 297 2 1628 222 16 535 1 3605 16 22717 46 123 55 325 3100 1 19 2 32989 17190 16 2 6967 1 19 2 232 4 2 285 3 8
9 7 165 1812 1 2 12299 4400 2 6967 4 325 33 524 6 624 101 596 9 21148 26 1456 5 2449 1 458 5 2 109 1719 353 3
29 10 1548 341 2 68172 9 2 150 45 16 2 6967 1 15 9428 22942 1 216 4 2 16731 467 19 2 72442 7 6 6154 4 899 325 413 3
33 30 23251 4 2 3521 406 28 570 5 27 2 799 2935 4 2 1193 3493 1 47 8 80 28 83 1426 2499 621 1 23 154 23 2 6967 7 1426 325 1 34 28 167 5 1497 1 8 15 1183 1665 76375 1 2 521 216 4 5139 405 1468 19 505 5351 3
10 37 11069 2 18204 4 2 58574 230 67 3152 9 325 1 18 55 25242 1658 7 2104 5794 1 259 9 35 1879 22031 1 1057 4 57873 9 2 95273 1370 7 8 1979 8 6967 63050 3
11 24 182 13 6 2028 4 2 612 12 23756 1649 9 325 274 479 33 54 1533 19 2 21468 198 3057 16 2 6967 7 19 1122 788 9 2 1009 9 31790 3
9 11 312 1157 1 4 1065 4301 4 59614 16 325 11 6967 1 15 69 300 5 31424 23 752 23 69 2806 10 62 218 17 2027 3
47 25 21985 1 2 799 687 1258 9 2029 2882 1 79 58058 2553 5 25 1271 4 4704 181 816 239 6 150114 19 6 6967 10206 18 25 619 1 117208 12015 57 275 2169 721 19143 57 275 7900 64677 67552 1 6 1258 12 325 5262 180 57 7 275 669 79382 3
17 45 2833 15573 1 34 475 9 1403 1 1238 10 93 67350 92 470 27 13291 9 325 49 2 2300 11 960 16520 7 1624 4007 115 22 50413 1 20 15 49 7 25 1809 17 179 10 22 17 15275 12 126 6967 9830 5 23203 100 3 8
32 34 2358 11 352 19 6 200 11558 36 969 63 6 1598 63050 202 2 3047 4326 1 114008 7 11834 528 5605 29 26477 66 210 27758 7 39717 3669 16 325 11 6967 9 2 77 377 264 3
10 5 2626 1370 6289 1 44 6967 5 9549 626 9 325 43 36 194 118612 380 6 592 860 9 1444 1 69 911 1757 10 23 6 351 390 9199 1 69 42 27 32 4674 12 393 9 2 29657 2626 3
34 32 22845 7440 1 6 16857 493 7992 1 17 6 215 28599 2104 7 4050 461 9 6 6413 2845 920 10 47157 226 5 4235 518 76303 11 920 16 2 6967 9 325 3
3 7 3670 98 76 325 2992 1 2 6967 33 5335 18098 2 67350 3 8
20 18 100558 11 1 6 97989 7 25219 1899 19 49290 2717 198 1 518 12822 198 16 2 6967 1 325 1 873 1761 4 179 6 287 3883 24 2 331 114 22 13 7447 3 8
16 25 297 20122 6 2292 4 1513 6907 146 5 624 11775 1 20 3176 88 9 325 1 260 88 9 6 999 16 2 6967 7 914 88 53 170 11 5803 3
50 37 71464 109053 110783 1 34 327 26 640 192 11 3239 5 19774 23 6 799 6620 9 2 12086 999 1 2174 782 55 17538 5792 4 16696 2637 7 33346 17506 26 857 5 2 6967 9 2 4918 11 1 475 16 535 19 62 162 9 325 3
16 45 108 72 863 5 1383 12 88 68 95 357 65 41 603 1787 88 5 325 1 114 19684 7 2914 1784 16176 41 192 11 7328 7 18176 7 2822 66 2599 1 1518 747 23 23588 9 32 3059 331 16 2 6967 3
4 24 7976 176 91 9 325 1 20 17 3282 7599 1 5398 633 23 6 7765 76025 1 7 10934 18 45190 518 25 6967 11574 3
16 26 19031 5 130 10497 119 218 300 1 69 205 565 1482 1 32 1574 19 325 23297 1 34 37 6 3967 5246 16 2 6967 3
1 26 58 325 80 28 109012 749 19 2 20640 10491 9 9145 1 17019 11 31858 7 1144 4469 43182 1373 19 30008 9602 16 2 6967 3 8
9 25 59 17 2 125 31 453 5 593 9 325 47 92 60 2654 5 1 8 15 21 139780 1 34 1029 16 2 6967 9 2 1126 11 65 22 17 51 2245 63 10100 3 8
8 10 14 945 892 2 1027 9600 529 16 325 11 6967 9 1825 1 7 707 204 75 302 5 5131 3
23 25 17122 11559 802 23 6 2504 12 240 75 1 23 102 2 20001 4 195 12 2410 747 9 4076 28313 16 325 11 6967 3
35 12 207 21786 2725 1 22 13 2 395 744 1467 9 2 6967 7 53 4 2 1159 210 12 853 4 9227 1 34 10233 22 103 22 1179 10 34577 4 10629 9 325 36 404 611 3 8
16 8 5435 109 1 2 18208 1899 16 2 6967 10 986 9 1034 1 2801 5 325 16 565 1 48 91 5 5131 3
8 10 671 569 1686 9 2 1036 1475 4 325 11 6967 1 114 1 16 557 293 1 1126 1 69 17 1259 5 3582 13885 7 51841 137074 1 34 37 1243 3943 32 958 80 3
10 12 476 31 272 6 15391 9089 1134 34 633 16 325 11 6967 3
14 17 7601 4770 7536 1 6 440 4 2410 26 6923 1 17 1259 9 325 16 2 6967 3
11 6 221 7262 3403 1793 26 2 6967 7 76 1213 4 325 1 9345 697 1842 18654 1 33723 1 13361 7 24029 747 1658 1 7 5563 2429 5 688 10991 7 109746 49 2191 1836 666 5 2 28313 26 52 106 4 2 85 3403 45 2313 3
11 34 266 85 2555 2030 7420 2 9013 13 2 450 9 325 95 33047 2924 12 1050 2052 1 5262 180 7 404 854 767 1968 9 626 2704 1 1221 2704 7 2 6967 3
4 28 78 119585 4054 4 325 10 17 1117 9 12303 13 8859 9 2 965 4 2 2582 7651 2143 1 52 892 6 285 201 16 2 6967 3
6 45 14 7265 1631 13 4105 5 325 1 2 2300 26 52 120 175 2992 149 2738 21393 41 145641 1 47 9 2 248 4 19961 1 2 7265 1631 13 2 1631 10 15825 22 5 379 175 2992 49 24470 1 2 6967 7 9514 3
89598 2307
3 -1 -1 -1 2
24 29 11418 90 11 551 2 2179 13 909 1584 902 1 3002 471 7 270 4145 1 30 94 388 26 2 6210 10 89598 2399 7 2941 9 2307 71 4645 201 3
2 21 14 4736 89598 205 100 6 7045 4 3395 1 47 20 475 37845 9 32 16361 8147 9 27997 1 2307 1 16 1857 1047 9 55671 1 1338 537 6 392 7 360 192 44 118 371 37 475 43 3
67732 155347
1 -1 -1 -1 1
7 5 14 1240 279 250 9 155347 16 67732 1 114 80 17 155 220 15462 9 1204 1472 3
7060 110012
1 -1 -1 -1 2
6 16 14 343 13 261 410 26 7060 11 7233 16582 924 7 50 282 410 26 110012 2516 3
9 13 19507 13 1152 405 5 71 1427 1392 9 7060 1 30320 7 110012 1 48 549 1 177 112 13 1152 3269 26 109 5 16624 1 6071 1 9 378 1 5 314 116 1199 3
146809 9896
4 -1 -1 -1 1
30 0 9896 11 35 3542 104 598 254 9 2 797 4 6 1108 5 1183 878 22326 1 417 4 2 9904 1 26 2 2912 11 630 417 1 146809 3
14156 135528
1 -1 -1 -1 1
7 5 65592 19 5023 21823 9 135528 9 14156 28 1481 24 2 71 4479 10 123 41 125 66 2 66998 5969 1192 5 2 12662 6398 271 9 2 736 3
